参宿的值为:
Parameter containing:
tensor([[[[ 0.0966,  0.0946,  0.1355],
          [ 0.1463, -0.0490,  0.1081],
          [ 0.1117,  0.1545, -0.0632]],

         [[ 0.1025,  0.1704,  0.1308],
          [ 0.1481,  0.0190, -0.1156],
          [-0.1918, -0.0084, -0.0810]],

         [[-0.0598,  0.1406,  0.0695],
          [ 0.0679, -0.0529,  0.0268],
          [-0.1649,  0.0217, -0.1438]]]], requires_grad=True)Parameter containing:
tensor([0.0804], requires_grad=True)
输入的数据:
tensor([[[17.,  8., 13.],
         [10.,  3., 13.],
         [ 3.,  5., 12.],
         [ 9.,  7., 12.],
         [14., 11.,  0.],
         [15., 14., 17.]],

        [[12.,  3.,  2.],
         [15., 13.,  1.],
         [ 1.,  0.,  9.],
         [ 5.,  4.,  2.],
         [16., 18., 17.],
         [ 4., 15., 15.]],

        [[19., 13., 11.],
         [ 3., 13.,  7.],
         [17.,  1., 19.],
         [19.,  5., 10.],
         [ 2., 16.,  8.],
         [14.,  2., 14.]],

        [[ 1., 18.,  0.],
         [12.,  7., 16.],
         [12.,  7.,  9.],
         [ 5.,  8.,  6.],
         [ 6.,  7.,  2.],
         [ 6., 18.,  5.]],

        [[18.,  3., 19.],
         [10., 15., 10.],
         [15., 16., 14.],
         [11., 15., 19.],
         [ 4.,  2.,  9.],
         [ 4., 14.,  5.]],

        [[ 5., 11.,  5.],
         [ 9.,  4., 19.],
         [18., 13., 16.],
         [16.,  9., 17.],
         [ 1., 17.,  1.],
         [ 2.,  6.,  2.]]])
输出的数据为:
tensor([[[[ 3.5221,  6.8361,  6.9296,  5.2135],
          [ 9.5579,  5.7896,  6.0340, 13.3996],
          [ 7.7481,  6.8149,  7.1246,  3.6685],
          [ 8.4471,  5.8295,  8.7237,  6.4064]]]],
       grad_fn=<MkldnnConvolutionBackward>)
